P 1 0 23 1 20 2
P 2 8 29 1 19 2
P 3 21 5 1 18 2
P 4 5 21 1 17 2
P 5 14 27 1 16 2
P 6 39 18 1 15 2
P 7 19 15 1 14 2
P 8 48 50 1 13 2
P 9 28 1 1 12 2
P 10 33 23 1 11 2
P 11 16 4 1 10 2
P 12 9 27 1 9 2
P 13 31 5 1 8 2
P 14 12 9 1 7 2
P 15 14 34 1 6 2
P 16 30 12 1 5 2
P 17 21 16 1 4 2
P 18 4 17 1 3 2
P 19 6 9 1 2 2
P 20 16 46 1 1 2
P 21 49 46 1 0 1
P 22 17 16 1 0 1
P 23 30 46 1 0 1
P 24 8 48 1 0 1
P 25 13 27 1 0 1
P 26 8 49 1 0 1
P 27 30 2 1 0 1
P 28 28 37 1 0 1
P 29 28 26 1 0 1
P 30 28 9 1 0 1
P 31 4 46 1 0 1
P 32 42 33 1 0 1
P 33 39 4 1 0 1
P 34 12 34 1 0 1
P 35 48 5 1 0 1
P 36 27 30 1 0 1
P 37 25 6 1 0 1
P 38 50 10 1 0 1
P 39 6 8 1 0 1
P 40 36 48 1 0 1
P 41 35 41 1 0 1
P 42 14 30 1 0 1
P 43 29 41 1 0 1
P 44 10 22 1 0 1
P 45 31 26 1 0 1
P 46 34 5 1 0 1
P 47 26 0 1 0 1
P 48 49 25 1 0 1
P 49 14 6 1 0 1
P 50 7 12 1 0 1
P 51 43 30 1 0 1
P 52 46 5 1 0 1
P 53 24 16 1 0 1
P 54 18 30 1 0 1
P 55 4 19 1 0 1
P 56 36 23 1 0 1
P 57 25 18 1 0 1
P 58 15 28 1 0 1
P 59 18 37 1 0 1
P 60 41 6 1 0 1
P 61 2 9 1 0 1
P 62 31 14 1 0 1
P 63 29 38 1 0 1
P 64 44 17 1 0 1
P 65 31 15 1 0 1
P 66 37 22 1 0 1
P 67 37 28 1 0 1
P 68 30 28 1 0 1
P 69 6 2 1 0 1
P 70 24 49 1 0 1
P 71 4 25 1 0 1
P 72 4 15 1 0 1
P 73 7 2 1 0 1
P 74 36 9 1 0 1
P 75 26 14 1 0 1
P 76 13 28 1 0 1
P 77 3 17 1 0 1
P 78 19 33 1 0 1
P 79 18 11 1 0 1
P 80 34 22 1 0 1
P 81 42 42 1 0 1
P 82 48 26 1 0 1
P 83 23 38 1 0 1
P 84 5 45 1 0 1
P 85 30 6 1 0 1
P 86 19 16 1 0 1
P 87 18 2 1 0 1
P 88 44 24 1 0 1
P 89 43 25 1 0 1
P 90 26 20 1 0 1
P 91 35 36 1 0 1
P 92 12 49 1 0 1
P 93 27 46 1 0 1
P 94 21 46 1 0 1
P 95 22 48 1 0 1
P 96 9 37 1 0 1
P 97 5 10 1 0 1
P 98 7 36 1 0 1
P 99 25 10 1 0 1
