P 1 0 23 1 20 2
P 2 8 29 1 19 2
P 3 21 5 1 18 2
P 4 5 21 1 17 2
P 5 14 27 1 16 2
P 6 39 18 1 15 2
P 7 19 15 1 14 2
P 8 48 50 1 13 2
P 9 28 1 1 12 2
P 10 33 23 1 11 2
P 11 16 4 1 10 2
P 12 9 27 1 9 2
P 13 31 5 1 8 2
P 14 12 9 1 7 2
P 15 14 34 1 6 2
P 16 30 12 1 5 2
P 17 21 16 1 4 2
P 18 4 17 1 3 2
P 19 6 9 1 2 2
P 20 16 46 1 1 2
P 21 49 46 1 0 1
P 22 17 16 1 0 1
P 23 30 46 1 0 1
P 24 8 48 1 0 1
P 25 13 27 1 0 1
P 26 8 49 1 0 1
P 27 30 2 1 0 1
P 28 28 37 1 0 1
P 29 28 26 1 0 1
P 30 28 9 1 0 1

