P 1 2 40 1 20 2
P 2 25 37 1 19 2
P 3 29 17 1 18 2
P 4 8 15 1 17 2
P 5 17 0 1 16 2
P 6 3 24 1 15 2
P 7 35 35 1 14 2
P 8 18 34 1 13 2
P 9 12 45 1 12 2
P 10 16 3 1 11 2
P 11 5 10 1 10 2
P 12 15 36 1 9 2
P 13 40 11 1 8 2
P 14 18 46 1 7 2
P 15 50 17 1 6 2
P 16 4 48 1 5 2
P 17 6 3 1 4 2
P 18 1 40 1 3 2
P 19 30 5 1 2 2
P 20 12 30 1 1 2
P 21 34 2 1 0 1
P 22 33 47 1 0 1
P 23 10 19 1 0 1
P 24 32 23 1 0 1
P 25 38 33 1 0 1
P 26 14 12 1 0 1
P 27 44 28 1 0 1
P 28 11 21 1 0 1
P 29 3 4 1 0 1
P 30 5 24 1 0 1
P 31 19 25 1 0 1
P 32 21 7 1 0 1
P 33 13 23 1 0 1
P 34 21 5 1 0 1
P 35 19 32 1 0 1
P 36 3 26 1 0 1
P 37 20 20 1 0 1
P 38 21 27 1 0 1
P 39 23 5 1 0 1
P 40 34 8 1 0 1
P 41 46 15 1 0 1
P 42 39 6 1 0 1
P 43 14 19 1 0 1
P 44 31 1 1 0 1
P 45 19 22 1 0 1
P 46 21 43 1 0 1
P 47 13 36 1 0 1
P 48 25 21 1 0 1
P 49 11 10 1 0 1
P 50 7 6 1 0 1
P 51 21 12 1 0 1
P 52 31 34 1 0 1
P 53 36 28 1 0 1
P 54 2 49 1 0 1
P 55 6 49 1 0 1
P 56 0 29 1 0 1
P 57 35 46 1 0 1
P 58 36 0 1 0 1
P 59 4 11 1 0 1
P 60 25 23 1 0 1
P 61 39 40 1 0 1
P 62 5 33 1 0 1
P 63 47 23 1 0 1
P 64 44 19 1 0 1
P 65 24 17 1 0 1
P 66 19 35 1 0 1
P 67 13 49 1 0 1
P 68 19 15 1 0 1
P 69 31 2 1 0 1
P 70 33 42 1 0 1
P 71 34 38 1 0 1
P 72 20 34 1 0 1
P 73 0 25 1 0 1
P 74 32 36 1 0 1
P 75 11 45 1 0 1
P 76 47 43 1 0 1
P 77 27 46 1 0 1
P 78 18 36 1 0 1
P 79 15 24 1 0 1
P 80 30 34 1 0 1
P 81 30 18 1 0 1
P 82 3 3 1 0 1
P 83 16 1 1 0 1
P 84 4 4 1 0 1
P 85 47 40 1 0 1
P 86 16 36 1 0 1
P 87 37 19 1 0 1
P 88 35 4 1 0 1
P 89 40 4 1 0 1
P 90 25 33 1 0 1
P 91 8 17 1 0 1
P 92 2 25 1 0 1
P 93 38 42 1 0 1
P 94 10 33 1 0 1
P 95 30 31 1 0 1
P 96 20 35 1 0 1
P 97 13 9 1 0 1
P 98 1 42 1 0 1
P 99 50 28 1 0 1
